6397
6527
6467
5259
441
205
681
4787
525
1159
6649
4569
5135
7585
6153
2925
6569
9681
2615
805
9753
529
7549
495
3255
7459
7581
6439
1111
6685
4727
2845
8903
523
4271
9657
3159
4305
2329
2395
9019
4571
9089
3481
9043
5025
3681
9491
3439
3561
9817
4289
4175
8301
1569
4519
195
9319
8133
4807
335
47
981
5741
8791
3125
8801
4449
637
4753
1223
3981
2699
9161
3083
9753
9209
9777
6289
3103
8735
2579
5299
5575
5137
3945
3837
1829
5175
9755
9557
261
1217
4565
2665
8291
6065
2657
8743
1571
6905
7385
2943
2171
9091
3525
9491
4811
2669
4297
485
2479
527
1827
1011
8691
2023
8253
8857
8077
7259
5339
461
9131
3401
6991
8135
8339
3505
1891
913
7879
3437
6857
7967
1931
399
1501
801
3901
4337
9825
1547
5409
8957
2483
5255
3691
1515
6799
9301
9787
6939
109
3407
5491
61
7629
183
9499
8603
7595
953
9731
3287
9259
5635
1013
8809
3963
4019
5499
5879
337
9547
5985
7397
4147
6461
9169
8691
2773
4655
9363
8363
6405
8653
2105
111
7907
4719
2959
4471
5705
4339
9227
2493
9037
289
3131
6935
3909
3541
7931
6731
7503
7285
9085
767
861
1057
5065
8301
7479
315
227
5169
6201
3243
273
1863
4939
6787
975
421
1941
635
3749
1917
6907
4805
5977
3225
7703
7457
9479
2333
493
5323
9193
6077
4089
7335
3479
4367
5077
8223
6841
7357
6335
5467
9561
8637
3517
941
4503
857
141
8787
5839
3691
7361
3897
9081
3727
8865
6393
9239
4225
6075
5823
6763
8891
2557
6539
1593
5421
5115
1673
4451
769
6645
8111
9145
3249
4453
951
205
4265
6705
8059
4401
8419
7325
8363
8121
7225
3999
8427
3773
2447
3753
6005
959
1865
7473
6707
7959
3375
7215
9939
6611
2705
7977
8503
9231
1493
9149
9707
3035
8375
7161
2523
1801
5941
2765
8967
4399
5659
5253
1897
9317
4871
6781
707
8559
8917
7517
8897
8597
2635
2313
9611
3051
7277
899
1303
2563
9935
8009
2327
2903
7343
6047
311
5799
9481
1933
535
9603
9143
3317
3705
5273
5117
3959
3421
8349
9623
7063
3355
9239
427
8053
1647
1837
6755
3441
5611
525
6629
7859
1519
819
2009
2539
1021
3277
4527
7219
1669
6835
1291
8427
7945
6725
4437
7267
6213
5887
8377
901
6037
4141
9065
3169
2103
3305
943
4315
5173
549
3777
6031
7113
6693
5993
4369
7259
5791
6673
8827
1379
5253
7841
8757
1801
8379
1765
3493
4593
6429
5663
2109
7939
1683
6307
6393
9453
8147
5909
6311
2299
433
3965
4269
5487
3481
7297
2283
9775
5343
4289
645
7143
2771
4985
9693
2847
5489
6079
679
7799
9105
367
6173
4567
3369
2825
5079
3063
911
8705
9497
6161
4975
8487
1721
9945
5889
9437
3829
9123
7417
9939
871
5861
2509
9101
7525
4249
8917
8563
2423
2919
2413
8959
7395
8267
2609
6449
9909
481
8185
2619
2639
9923
6941
6303
5497
3863
7143
7425
6637
7517
6901
5851
1705
8023
6989
6047
4011
4339
7875
9797
9119
6629
3117
6109
7807
5967
1761
5313
6089
3719
3291
913
9301
893
1157
9267
6663
4667
7871
7517
7695
1407
3439
8043
8173
9993
733
4583
4073
7313
2223
7393
3671
6699
5097
3477
7441
7149
9261
2559
8175
159
537
7489
593
1771
8781
5471
5357
4895
5367
4479
1161
8265
9313
6979
2775
6871
2063
1767
1571
273
2015
7607
2883
2511
9759
4087
125
8237
3279
5089
6867
9375
5697
8805
4791
3791
6191
3407
4229
3341
2483
8649
8505
8861
8509
2887
7551
9495
1781
9555
2391
7003
319
7895
6717
3525
1783
9391
5991
9245
725
9051
6835
4769
4295
4409
8211
8589
6975
5063
8041
7023
7257
8405
6743
2815
2537
2143
4717
8855
8879
3691
3503
9175
9483
4963
7329
5911
4807
4327
7257
2395
6513
4617
7163
711
7541
2493
2651
3637
4047
4769
9271
8449
4789
6079
6601
6343
4729
8251
6245
9499
4227
9295
2173
1707
355
9743
5649
2373
2977
6023
259
6879
6037
4911
2751
481
5891
4713
7921
563
7657
7559
2595
3093
9527
5059
635
7991
7433
3461
2577
343
6543
5815
5641
2439
1821
2091
5319
5719
1329
6509
8849
4553
7285
5127
9959
4999
1087
7985
1015
7451
7451
4101
1713
6951
3549
7527
5987
4535
537
4491
3703
9627
8005
2525
9541
8267
8219
8803
1713
769
8881
3929
6405
6601
8245
7379
4135
4257
8447
6189
6599
1533
997
1457
9401
2779
3573
9581
1351
7889
8507
5491
9567
4241
6803
4411
6981
2783
4601
7977
5987
985
4905
2797
1819
909
5505
5799
8105
2515
3543
9161
6749
2745
659
529
3255
4495
4921
3813
5353
8049
9971
7039
8155
3471
9281
6837
899
249
5433
6001
2543
9427
3609
1721
8845
1547
713
6973
5475
8975
8699
5705
2503
5277
5813
3491
39
5639
7041
4693
3015
1425
4351
3429
4769
9491
4999
3805
7861
5193
7745
155
9969
549
1201
6081
9959
3257
2923
7697
883
4535
77
7719
6069
8187
6321
3667
1833
9179
3671
2859
1455
4043
7421
6233
1635
7301
1933
6293
7929
1285
8707
2361
7533
2625
3757
9251
4093
6825
2655
4267
6451
8305
87
1191
623
8911
6583
1995
1573
1681
7301
9887
8585
1977
7223
7955
2383
6501
3637
497
5959
7017
2255
321
5501
2445
7869
7173
6911
9227
349
7611
9351
6085
6035
6979
4385
6139
8453
767
5715
5303
6495
923
6977
869
5521
6923
3027
5853
3717
7607
7421
9067
6245
1087
851
771
7085
263
4521
9529
6287
2373
1571
6103
9689
9829
7465
3917
4269
845
8259
7783
6647
4215
3905
489
5643
3389
4433
1803
7501
7641
9515
3443
1331
4187
603
5047
1925
1531
8879
9849
4275
585
6865
615
9039
2187
3867
7201
9525
7655
9151
2289
9773
6401
2309
715
5147
8411
8789
6691
3141
